[Carrot(medium-size), 25, 0.2, 0, 42, 195, 6, 1.7, 3, 0.6, 0.5, 3, 0, 0, 0, 0, 5, 20, 0.3, 6, 0.2]
[Sweet-potato(medium-size), 112, 0.2, 0, 68, 265, 26, 4, 5, 2, 16.7, 20, 0, 0.3, 2.6, 9, 18, 0.6, 18, 0.2]
[Kale (1-cup), 33, 0.6, 0, 25, 299, 6, 1.3, 1.3, 2.2, 0.9, 80, 0, 0.6, 547, 0, 19, 95, 1.1, 19, 0.2]
[Orange(medium-size), 62, 0.2, 0, 1, 237, 15, 3, 12, 1.2, 0.2, 70, 0, 0.2, 0.2, 0, 39, 52, 0.2, 15, 0.1]
[Strawberries(1 cup), 49, 0.5, 0, 2, 233, 11, 3, 7, 1, 17, 89, 0, 0.6, 0.2, 40, 24, 0.4, 14, 0.2, 0.1]
[Bell Peppers(1 medium-sized), 24, 0.2, 0, 2, 187, 5.5, 2, 3.9, 1, 372, 152, 0, 0.2, 0.2, 0, 0, 1, 17, 0.2, 0.1]
[Salmon(3 oz.), 177, 11, 47, 50, 315, 0, 0, 0, 23, 59, 0.7, 1.9, 0, 2.5, 0, 9, 0.7, 26, 0.4]
[Egg(1 large), 68, 4.5, 185, 70, 69, 0, 0.6, 6, 260, 0, 41, 0.5, 0, 0, 0.6, 25, 0.8, 6, 0.6]
[Almonds(1 oz.), 163, 14, 0, 0, 207, 6, 3.5, 1, 6, 0, 0, 7.3, 0, 0, 3.5, 76, 1.0, 76, 0.9]
[Spinach(1 cup), 7, 0.1, 0, 24, 167, 1, 0.7, 0.1, 1, 2813, 8.4, 0, 0.6, 145, 0, 15, 0.8, 24, 0.2]
[Sunflower seeds(1 oz.), 164, 14, 0, 1, 226, 6.8, 2.6, 0.9, 5.5, 0, 1.4, 7.4, 0, 0, 20, 3.8, 19, 14, 0.5]
[Broccoli(1 cup), 31, 0.3, 0, 30, 287, 6, 2.4, 1.5, 2.5, 567, 81.2, 0, 0.7, 92, 0, 43, 0.7, 19, 0.4]
[Lentils(1 cup cooked), 230, 0.8, 0, 4, 731, 40, 15.6, 3.6, 18, 0, 3, 0, 0.2, 3.3, 0, 358, 6.6, 71, 2.5]
[Avocado(1 medium), 240, 22, 0, 10, 689, 12.8, 10, 0.2, 3, 146, 15, 0, 2.7, 21, 0, 12, 0.6, 39, 0.7]
[Asparagus(1 cup), 27, 0.2, 0, 2, 271, 5.2, 2.8, 2.5, 3, 905, 6.9, 41, 1.5, 55, 0, 32, 2.9, 17, 1.1]
[Yogurt(1 cup), 150, 8, 32, 110, 380, 11, 0, 11, 8, 81, 1.4, 0, 0.1, 0, 1.4, 296, 0.1, 28, 1.7]
[Cheese(1 oz. cheddar), 113, 9, 30, 180, 28, 0.4, 0, 0.4, 7, 284, 0, 0.3, 0.3, 2.3, 0, 204, 0.2, 8, 0.7]
[Beef(3 oz. lean), 213, 8.6, 77, 55, 318, 0, 0, 0, 26, 0, 0, 0.7, 1.7, 2.3, 2.5, 4, 2.7, 20, 4.8]
[Black beans(1 cup cooked), 227, 0.9, 0, 1, 611, 40.8, 15, 1.3, 15.2, 0, 0, 0, 0.4, 5, 0, 256, 3.6, 120, 1.9]
[Bananas(1 medium), 105, 0.4, 0, 1, 422, 27, 3.1, 14.4, 1.3, 64, 10.3, 0, 0.1, 0.6, 0, 6, 0.3, 32, 0.2]
[Potatoes(1 medium), 163, 0.2, 0, 13, 897, 37, 4.7, 1.7, 4.3, 0, 19.7, 0, 0.1, 3.4, 0, 50, 1.9, 48, 0.6]
[Chickpeas(1 cup cooked), 269, 4.2, 0, 11, 474, 45, 12.5, 8, 14.5, 67, 2, 0, 0.6, 6.6, 0, 80, 4.7, 79, 2.5]
[Cashews(1 oz.), 157, 12, 0, 5, 187, 9, 0.9, 1.7, 5.2, 0, 0.1, 0.9, 0.3, 9.8, 0, 10, 1.9, 81, 1.6]
[Chicken thighs(3 oz. cooked), 209, 10.9, 94, 88, 238, 0, 0, 0, 26, 32, 0, 0.4, 0.3, 0, 0.3, 14, 1.3, 21, 1]
[Oats(1 cup cooked), 154, 3.2, 0, 115, 163, 27.3, 4, 1.1, 6.5, 0, 0, 0, 0.4, 1.4, 0, 21, 2.1, 63, 1.7]
[Quinoa(1 cup cooked), 222, 3.6, 0, 13, 318, 39, 5.2, 1.6, 8.1, 9, 0, 0, 2.8, 0, 0, 31, 2.8, 64, 1.3]
[Blueberries(1 cup), 84, 0.5, 0, 1, 114, 21, 3.6, 15, 1.1, 80, 14.4, 0, 0.8, 28.6, 0, 9, 0.4, 9, 0.2]
[Brussels sprouts(1 cup), 38, 0.3, 0, 28, 342, 8, 3.3, 1.9, 3, 664, 74.8, 0, 1.5, 156, 0, 37, 1.4, 20, 0.4]





--
Calories, total fat(g), cholesterol(mg), sodium(mg), potassium(mg), carbohydrate(g), fiber(g), sugar(g), protein(g), Vitamin A(mg), Vitamin C(mg), Vitamin D(mg), Vitamin E(mg), Vitamin K(micro-grams), Vitamin B12(mg), Folate(Vitamin B9)(micro-grams), Calcium(mg), Iron(mg), Magnesium(mg), Zinc(mg)